0 0.662109 0.062500 0.058594 0.023438
0 0.710938 0.095703 0.031250 0.019531
0 0.617188 0.144531 0.031250 0.015625
0 0.320312 0.222656 0.015625 0.015625
0 0.585938 0.230469 0.023438 0.023438
0 0.693359 0.242188 0.019531 0.015625
0 0.701172 0.275391 0.011719 0.011719
0 0.650391 0.259766 0.011719 0.011719
0 0.337891 0.308594 0.027344 0.031250
0 0.470703 0.214844 0.011719 0.007812
0 0.298828 0.654297 0.035156 0.019531
0 0.273438 0.697266 0.031250 0.027344
0 0.261719 0.746094 0.023438 0.015625
0 0.832031 0.841797 0.015625 0.019531
0 0.808594 0.941406 0.015625 0.015625
