0 0.207983 0.08463 0.012605 0.014406
0 0.264706 0.07263 0.014006 0.021609
0 0.336134 0.199880 0.025210 0.025210
0 0.284314 0.192077 0.008403 0.004802
0 0.326331 0.133854 0.014006 0.018007
0 0.355042 0.171068 0.021008 0.022809
0 0.473389 0.094838 0.016807 0.014406
0 0.656863 0.123049 0.011204 0.008403
0 0.694678 0.138055 0.011204 0.009604
0 0.862745 0.208283 0.016807 0.00606
0 0.871148 0.282113 0.005602 0.012005
0 0.891457 0.277311 0.009804 0.014406
0 0.230392 0.25001 0.007003 0.010804
0 0.176471 0.243697 0.008403 0.007203
0 0.203081 0.271309 0.002801 0.002401
0 0.226891 0.610444 0.011204 0.018007
0 0.233193 0.576230 0.018207 0.016807
0 0.24097 0.522809 0.012605 0.010804
0 0.290616 0.733493 0.009804 0.014406
0 0.289216 0.686675 0.001401 0.009604
0 0.161064 0.610444 0.030812 0.022809
0 0.194678 0.699880 0.014006 0.014406
0 0.253501 0.747299 0.005602 0.013205
0 0.257003 0.701681 0.00406 0.00606
0 0.752101 0.578031 0.008403 0.027611
0 0.810924 0.60846 0.005602 0.012005
0 0.782913 0.642857 0.011204 0.027611
0 0.843137 0.653661 0.019608 0.00606
0 0.839636 0.633854 0.007003 0.009604
0 0.817227 0.701080 0.001401 0.014406
0 0.753501 0.700480 0.014006 0.020408
0 0.773810 0.729892 0.007003 0.007203
0 0.779412 0.766507 0.004202 0.010804
0 0.901261 0.489196 0.009804 0.013205
0 0.877451 0.514406 0.004202 0.018007
0 0.846639 0.489796 0.004202 0.014406
0 0.845238 0.728091 0.009804 0.010804
0 0.749300 0.820528 0.002801 0.008403
0 0.764706 0.839736 0.000000 0.013205
0 0.555322 0.552821 0.001401 0.006002
0 0.523109 0.543217 0.001401 0.003601
0 0.539216 0.568427 0.014006 0.00606
