0 0.721137 0.292719 0.049734 0.041605
0 0.736234 0.405646 0.00986 0.035661
0 0.893428 0.223626 0.014210 0.013373
0 0.855240 0.371471 0.008881 0.023774
0 0.587922 0.237741 0.007105 0.00890
0 0.530195 0.268945 0.008881 0.014859
0 0.247780 0.541605 0.030195 0.016345
0 0.297513 0.573551 0.023091 0.017831
0 0.206927 0.610698 0.044405 0.065379
0 0.432504 0.624814 0.026643 0.022288
0 0.382771 0.665676 0.044405 0.017831
0 0.457371 0.663447 0.026643 0.019316
0 0.196270 0.485884 0.00986 0.014859
0 0.512433 0.917533 0.026643 0.007429
0 0.765542 0.773403 0.007105 0.031204
0 0.185613 0.789747 0.005329 0.013373
