0 0.640244 0.186567 0.060976 0.035821
0 0.797764 0.132836 0.022358 0.020896
0 0.176829 0.574627 0.012195 0.011940
0 0.297764 0.609701 0.140244 0.079104
0 0.402439 0.691791 0.036585 0.019403
0 0.255081 0.704478 0.022358 0.011940
0 0.305894 0.736567 0.034553 0.025373
0 0.861789 0.520149 0.028455 0.016418
0 0.760163 0.543284 0.036585 0.035821
0 0.696138 0.534328 0.014228 0.005970
0 0.831301 0.705224 0.028455 0.016418
0 0.659553 0.966418 0.026423 0.022388
0 0.226626 0.50672 0.034553 0.001493
0 0.510163 0.245522 0.020325 0.019403
0 0.758130 0.605970 0.016260 0.011940
0 0.892276 0.580597 0.004065 0.002985
