0 0.458539 0.340926 0.048371 0.063189
0 0.557749 0.316679 0.043435 0.045555
0 0.569595 0.206833 0.007897 0.012491
0 0.602665 0.124541 0.016782 0.011021
0 0.613031 0.106539 0.059230 0.045555
0 0.798124 0.181484 0.022705 0.022043
0 0.858342 0.660911 0.058243 0.047759
0 0.777394 0.672667 0.020731 0.019838
0 0.279368 0.707568 0.06503 0.066128
0 0.320829 0.765981 0.023692 0.00430
0 0.04985 0.607274 0.025666 0.028655
0 0.03504 0.657605 0.024679 0.017634
0 0.162883 0.700220 0.017769 0.030860
0 0.308983 0.831007 0.017769 0.020573
0 0.287759 0.808229 0.026654 0.002939
0 0.246298 0.788391 0.012833 0.010287
0 0.366239 0.897502 0.033564 0.038942
0 0.582922 0.893093 0.040474 0.00430
0 0.639684 0.859295 0.02960 0.009552
0 0.679171 0.83540 0.025666 0.017634
0 0.731984 0.836517 0.028628 0.011021
0 0.750740 0.711609 0.026654 0.022777
0 0.779862 0.735489 0.00795 0.011756
0 0.836130 0.730345 0.007897 0.014695
0 0.847483 0.709405 0.002962 0.008082
0 0.723593 0.55950 0.027641 0.016899
0 0.68008 0.630786 0.023692 0.018369
0 0.364265 0.623806 0.021718 0.019104
0 0.428924 0.713813 0.016782 0.024247
0 0.613524 0.948200 0.010859 0.00430
0 0.684600 0.904482 0.002962 0.007348
0 0.667325 0.928729 0.011846 0.013226
