0 0.636434 0.506579 0.041860 0.039474
0 0.759690 0.562135 0.074419 0.004386
0 0.774419 0.488304 0.044961 0.038012
0 0.864341 0.531433 0.051163 0.019006
0 0.879070 0.463450 0.031008 0.040936
0 0.441860 0.20643 0.009302 0.010234
0 0.233333 0.201754 0.017054 0.014620
0 0.431783 0.347222 0.060465 0.086257
0 0.427132 0.26308 0.048062 0.011696
0 0.477519 0.268275 0.018605 0.021930
0 0.302326 0.575292 0.037209 0.01308
0 0.382171 0.559211 0.026357 0.024854
0 0.335659 0.66050 0.060465 0.051170
0 0.627132 0.868421 0.075969 0.052632
0 0.647287 0.800439 0.032558 0.016082
0 0.436434 0.785088 0.035659 0.023392
0 0.771318 0.734649 0.023256 0.001462
0 0.675969 0.559211 0.049612 0.024854
0 0.813953 0.621345 0.018605 0.014620
0 0.857364 0.597222 0.009302 0.024854
0 0.848837 0.669591 0.023256 0.046784
0 0.823256 0.690789 0.021705 0.045322
0 0.795349 0.701754 0.018605 0.032164
0 0.781395 0.668129 0.003101 0.002924
0 0.362016 0.603070 0.029457 0.021930
