0 0.363413 0.479707 0.070550 0.085163
0 0.425349 0.562542 0.017227 0.023287
0 0.443806 0.707917 0.021329 0.019960
0 0.511895 0.654691 0.024610 0.018629
0 0.509024 0.489022 0.020509 0.029275
0 0.468007 0.472389 0.031993 0.037259
0 0.566038 0.605456 0.022970 0.014637
0 0.566858 0.568862 0.021329 0.019960
0 0.296555 0.700266 0.031993 0.009980
0 0.304348 0.622422 0.029532 0.023287
0 0.20340 0.758816 0.020509 0.011311
0 0.261280 0.853293 0.012305 0.005988
0 0.134947 0.816367 0.022149 0.019960
0 0.025431 0.834331 0.026251 0.018629
0 0.141099 0.59003 0.034454 0.025283
0 0.284660 0.541916 0.018048 0.017964
0 0.349057 0.319361 0.017227 0.00930
0 0.333880 0.196607 0.016407 0.00303
0 0.210008 0.163340 0.026251 0.021956
0 0.04635 0.104790 0.020509 0.016633
0 0.447088 0.643380 0.013126 0.018629
0 0.466776 0.599468 0.016407 0.035928
