0 0.252020 0.235294 0.018024 0.00792
0 0.295836 0.239439 0.014916 0.007501
0 0.330951 0.227596 0.029211 0.008291
0 0.503729 0.244572 0.037912 0.024082
0 0.530454 0.224832 0.029211 0.009080
0 0.567433 0.201934 0.014916 0.011449
0 0.585457 0.189104 0.027346 0.016581
0 0.775948 0.234307 0.029211 0.017765
0 0.357986 0.557837 0.014916 0.010265
0 0.50848 0.528622 0.022374 0.012633
0 0.541330 0.540663 0.011187 0.005132
0 0.743319 0.593170 0.042262 0.020924
0 0.789621 0.611330 0.008080 0.005132
0 0.796457 0.640940 0.018024 0.016976
0 0.727470 0.658508 0.018024 0.012633
0 0.651647 0.689696 0.006837 0.003948
0 0.169360 0.631070 0.022996 0.044611
0 0.220634 0.574418 0.001243 0.010265
0 0.063704 0.642914 0.018024 0.014607
0 0.143567 0.679432 0.021131 0.018950
0 0.114357 0.631465 0.021131 0.018555
0 0.552517 0.858073 0.011187 0.020924
0 0.577999 0.846230 0.026103 0.005132
0 0.591983 0.660679 0.011809 0.008291
0 0.626165 0.648243 0.008080 0.006317
0 0.248291 0.130280 0.008080 0.007106
0 0.444686 0.227398 0.008080 0.003948
