0 0.613281 0.144531 0.031250 0.023438
0 0.658203 0.064453 0.066406 0.019531
0 0.710938 0.097656 0.031250 0.015625
0 0.585938 0.232422 0.031250 0.019531
0 0.863281 0.302734 0.023438 0.019531
0 0.337891 0.312500 0.035156 0.031250
0 0.472656 0.214844 0.023438 0.015625
0 0.294922 0.656250 0.035156 0.015625
0 0.273438 0.699219 0.031250 0.023438
0 0.257812 0.742188 0.015625 0.015625
0 0.824219 0.839844 0.015625 0.015625
0 0.808594 0.941406 0.015625 0.023438
0 0.646484 0.259766 0.019531 0.011719
0 0.697266 0.244141 0.019531 0.011719
0 0.697266 0.273438 0.019531 0.015625
