0 0.512225 0.241176 0.080685 0.052101
0 0.621027 0.173109 0.048900 0.013445
0 0.611247 0.108403 0.063570 0.025210
0 0.732274 0.125210 0.022005 0.018487
0 0.702934 0.200000 0.026895 0.020168
0 0.729829 0.28013 0.026895 0.028571
0 0.647922 0.355462 0.048900 0.021849
0 0.299511 0.30126 0.046455 0.018487
0 0.424205 0.346218 0.06600 0.033613
0 0.548900 0.393277 0.031785 0.036975
0 0.551345 0.450420 0.031785 0.016807
0 0.394866 0.205882 0.046455 0.031933
0 0.352078 0.146218 0.034230 0.030252
0 0.843521 0.725210 0.048900 0.042017
0 0.779951 0.727731 0.029340 0.020168
0 0.272616 0.796639 0.046455 0.010084
0 0.907090 0.693277 0.014670 0.011765
