0 0.662011 0.062727 0.068901 0.009091
0 0.713222 0.097273 0.029795 0.020000
0 0.616387 0.146364 0.014898 0.016364
0 0.472067 0.208182 0.013035 0.012727
0 0.587523 0.240909 0.039106 0.020000
0 0.653631 0.260909 0.040968 0.016364
0 0.692737 0.245455 0.018622 0.014545
0 0.696462 0.274545 0.014898 0.007273
0 0.803538 0.239091 0.020484 0.020000
0 0.862197 0.316364 0.011173 0.025455
0 0.345438 0.313636 0.035382 0.038182
0 0.332402 0.230909 0.016760 0.014545
0 0.293296 0.656364 0.020484 0.014545
0 0.275605 0.698182 0.029795 0.021818
0 0.260708 0.748182 0.018622 0.001818
0 0.635009 0.630909 0.007449 0.010909
0 0.842644 0.720000 0.016760 0.014545
0 0.827747 0.744545 0.016760 0.012727
0 0.830540 0.847273 0.026071 0.029091
0 0.811918 0.942727 0.018622 0.020000
0 0.851955 0.918182 0.005587 0.014545
