0 0.626130 0.292464 0.029581 0.031100
0 0.872227 0.683911 0.025472 0.019737
0 0.870994 0.587919 0.013147 0.01308
0 0.900986 0.623505 0.007395 0.024522
0 0.755546 0.688098 0.025472 0.019737
0 0.794166 0.724282 0.025472 0.00550
0 0.813476 0.762859 0.019721 0.016148
0 0.221446 0.657596 0.025472 0.024522
0 0.284306 0.661184 0.019721 0.013756
0 0.247740 0.705144 0.035333 0.022727
0 0.437962 0.905502 0.029581 0.027512
0 0.292523 0.600179 0.023007 0.017344
0 0.206245 0.739533 0.027938 0.017344
0 0.226787 0.810706 0.021364 0.025718
