0 0.214844 0.396484 0.023438 0.027344
0 0.269531 0.419922 0.031250 0.019531
0 0.234375 0.460938 0.015625 0.031250
0 0.789062 0.513672 0.031250 0.027344
0 0.794922 0.558594 0.019531 0.031250
0 0.751953 0.615234 0.011719 0.027344
0 0.769531 0.394531 0.015625 0.015625
0 0.410156 0.023438 0.039062 0.031250
0 0.187500 0.574219 0.023438 0.023438
0 0.193359 0.501953 0.019531 0.019531
0 0.242188 0.505859 0.015625 0.011719
0 0.230469 0.683594 0.023438 0.023438
0 0.242188 0.621094 0.023438 0.023438
0 0.654297 0.794922 0.019531 0.019531
0 0.632812 0.738281 0.031250 0.039062
0 0.710938 0.675781 0.023438 0.015625
0 0.755859 0.716797 0.011719 0.019531
0 0.695312 0.544922 0.007812 0.011719
0 0.841797 0.505859 0.011719 0.027344
