0 0.274678 0.236466 0.080114 0.033708
0 0.331187 0.174668 0.047210 0.034729
0 0.530043 0.178754 0.052933 0.02450
0 0.618741 0.221655 0.041488 0.030644
0 0.726037 0.260470 0.050072 0.040858
0 0.646638 0.139428 0.034335 0.035751
0 0.831187 0.273238 0.060086 0.039837
0 0.861946 0.210419 0.035765 0.044944
0 0.281116 0.588866 0.021459 0.017365
0 0.202432 0.613892 0.070100 0.008172
0 0.286838 0.682840 0.024320 0.054137
0 0.251788 0.686925 0.020029 0.029622
0 0.344063 0.706844 0.030043 0.028601
0 0.334764 0.593463 0.014306 0.018386
0 0.366237 0.564862 0.025751 0.022472
0 0.759657 0.607252 0.042918 0.027579
0 0.786838 0.666496 0.017167 0.031665
0 0.837625 0.613381 0.012876 0.021450
0 0.828326 0.683861 0.014306 0.023493
0 0.896996 0.612870 0.002861 0.022472
0 0.588698 0.505618 0.004292 0.002043
0 0.427754 0.575587 0.034335 0.003064
0 0.089413 0.589888 0.021459 0.021450
0 0.149499 0.623596 0.041488 0.013279
0 0.474249 0.525536 0.012876 0.011236
0 0.749642 0.721655 0.025751 0.011236
0 0.760372 0.696118 0.021459 0.013279
0 0.825465 0.722676 0.020029 0.009193
0 0.796853 0.729826 0.017167 0.023493
