0 0.090807 0.380388 0.047085 0.023707
0 0.068386 0.424569 0.00695 0.025862
0 0.099776 0.425647 0.020179 0.019397
0 0.140135 0.437500 0.020179 0.034483
0 0.279148 0.443966 0.024664 0.025862
0 0.729821 0.552802 0.020179 0.036638
0 0.800448 0.530172 0.026906 0.017241
0 0.913677 0.463362 0.00695 0.025862
0 0.892377 0.516164 0.022422 0.036638
0 0.786996 0.646552 0.022422 0.038793
0 0.802691 0.604526 0.017937 0.00086
0 0.836323 0.655172 0.013453 0.017241
0 0.497758 0.889009 0.017937 0.032328
0 0.696188 0.793103 0.00695 0.017241
0 0.750000 0.798491 0.00695 0.00086
0 0.172646 0.667026 0.017937 0.019397
0 0.189462 0.601293 0.00695 0.017241
0 0.117713 0.517241 0.00695 0.017241
0 0.077354 0.506466 0.020179 0.025862
0 0.189462 0.509698 0.029148 0.028017
0 0.121076 0.725216 0.017937 0.023707
0 0.352018 0.905172 0.026906 0.02052
