0 0.04332 0.570076 0.016245 0.022727
0 0.205776 0.619318 0.014440 0.02650
0 0.169675 0.613636 0.007220 0.018939
0 0.16052 0.64002 0.019856 0.022727
0 0.201264 0.679924 0.019856 0.018939
0 0.277076 0.718750 0.023466 0.020833
0 0.252708 0.565341 0.000000 0.009470
0 0.298736 0.680871 0.009025 0.020833
0 0.227437 0.810606 0.014440 0.0002
0 0.20704 0.718750 0.00540 0.013258
0 0.785199 0.683712 0.014440 0.030303
0 0.807762 0.736742 0.016245 0.007576
0 0.833935 0.551136 0.003610 0.007576
0 0.525271 0.476326 0.010830 0.020833
