0 0.711359 0.100909 0.026071 0.020000
0 0.669460 0.058182 0.061453 0.032727
0 0.608007 0.140909 0.005587 0.020000
0 0.489758 0.085455 0.018622 0.021818
0 0.479516 0.219091 0.013035 0.012727
0 0.595903 0.237273 0.026071 0.023636
0 0.657356 0.259091 0.022346 0.005455
0 0.700186 0.240909 0.000000 0.005455
0 0.691806 0.275455 0.013035 0.012727
0 0.767225 0.229091 0.029795 0.032727
0 0.796089 0.240000 0.016760 0.018182
0 0.849162 0.304545 0.040968 0.030909
0 0.336127 0.310000 0.024209 0.045455
0 0.321229 0.235455 0.024209 0.027273
0 0.297952 0.643636 0.037244 0.021818
0 0.273743 0.700000 0.022346 0.025455
0 0.266294 0.744545 0.022346 0.020000
0 0.635940 0.634545 0.005587 0.018182
0 0.826816 0.742727 0.011173 0.016364
0 0.836127 0.713636 0.018622 0.020000
0 0.809125 0.842727 0.020484 0.030909
0 0.808194 0.940000 0.011173 0.021818
0 0.834264 0.900000 0.037244 0.047273
