0 0.701299 0.224206 0.03208 0.024250
0 0.595547 0.177910 0.023500 0.024250
0 0.406308 0.226852 0.039579 0.025132
0 0.516079 0.299162 0.041435 0.035714
0 0.421459 0.28026 0.020408 0.018959
0 0.183673 0.528219 0.030921 0.016755
0 0.293445 0.522928 0.032777 0.021164
0 0.298701 0.574295 0.043290 0.033951
0 0.08009 0.555776 0.032777 0.013668
0 0.274273 0.716049 0.043908 0.022928
0 0.340754 0.764330 0.061843 0.014550
0 0.442177 0.771164 0.023500 0.011464
0 0.512678 0.804233 0.023500 0.014991
0 0.708720 0.728175 0.03208 0.018078
0 0.67500 0.520282 0.020408 0.026455
0 0.727891 0.489859 0.038343 0.026455
0 0.811070 0.546958 0.045145 0.035714
0 0.867347 0.533289 0.019171 0.014550
0 0.717069 0.588624 0.034014 0.022046
0 0.757576 0.616402 0.038343 0.022928
0 0.802412 0.628968 0.019171 0.025132
0 0.222016 0.124559 0.030921 0.018078
0 0.281076 0.179674 0.027829 0.020723
0 0.342919 0.214727 0.025356 0.022046
0 0.683673 0.108686 0.026592 0.024250
0 0.479901 0.221120 0.037106 0.024250
0 0.53740 0.245811 0.022263 0.014550
0 0.556277 0.214947 0.019171 0.013668
0 0.609462 0.235670 0.021645 0.013668
0 0.505566 0.113977 0.024119 0.00432
0 0.430427 0.160273 0.040816 0.009259
0 0.748609 0.22061 0.017934 0.014550
0 0.219852 0.553792 0.029066 0.009700
