0 0.655792 0.075126 0.017310 0.023990
0 0.704394 0.140783 0.021305 0.02650
0 0.859521 0.184343 0.001332 0.068182
0 0.346871 0.112374 0.051931 0.045455
0 0.442077 0.00783 0.026631 0.021465
0 0.518642 0.059975 0.030626 0.02650
0 0.509321 0.138889 0.027963 0.025253
0 0.35031 0.450126 0.018642 0.021465
0 0.383489 0.497475 0.079893 0.032828
0 0.430093 0.582071 0.042610 0.030303
0 0.265646 0.429293 0.022636 0.020202
0 0.182423 0.432449 0.031957 0.03066
0 0.246338 0.585859 0.039947 0.017677
0 0.13700 0.528409 0.013316 0.041667
0 0.06458 0.596591 0.011984 0.016414
0 0.148469 0.659091 0.035952 0.037879
0 0.450732 0.885732 0.142477 0.077020
0 0.252330 0.779040 0.041278 0.045455
0 0.793609 0.520833 0.031957 0.021465
0 0.731691 0.575758 0.025300 0.065657
0 0.818908 0.657828 0.066578 0.080808
0 0.854194 0.545455 0.022636 0.017677
0 0.222370 0.500000 0.021305 0.017677
0 0.239680 0.547348 0.026631 0.02650
