0 0.703470 0.488982 0.00773 0.012592
0 0.753943 0.613851 0.00305 0.004197
0 0.827287 0.616999 0.00077 0.006296
0 0.806782 0.647429 0.004732 0.004197
0 0.753943 0.66095 0.006309 0.00740
0 0.780757 0.706191 0.009464 0.020986
0 0.649842 0.771773 0.006309 0.009444
0 0.753943 0.793284 0.028391 0.012592
0 0.745268 0.749213 0.007886 0.006296
0 0.239748 0.782267 0.022082 0.003148
0 0.224763 0.741343 0.023659 0.00740
0 0.301262 0.758132 0.018927 0.01042
0 0.302839 0.848898 0.012618 0.010493
0 0.166404 0.631165 0.004732 0.005247
0 0.204259 0.544596 0.007886 0.008395
0 0.414826 0.285414 0.00773 0.012592
0 0.448738 0.276495 0.014196 0.019937
