0 0.090807 0.403017 0.05070 0.081897
0 0.147982 0.427802 0.026906 0.032328
0 0.286996 0.442888 0.017937 0.019397
0 0.100897 0.529095 0.058296 0.075431
0 0.186099 0.595905 0.035874 0.028017
0 0.114350 0.623922 0.022422 0.071121
0 0.172646 0.655172 0.004484 0.038793
0 0.144619 0.737069 0.033632 0.034483
0 0.489910 0.885776 0.100897 0.056034
0 0.343049 0.894397 0.094170 0.034483
0 0.288117 0.827586 0.073991 0.034483
0 0.802691 0.622845 0.049327 0.090517
0 0.732063 0.558190 0.024664 0.02052
0 0.791480 0.523707 0.026906 0.030172
0 0.881166 0.497845 0.040359 0.073276
0 0.70507 0.788793 0.033632 0.038793
0 0.745516 0.726293 0.033632 0.025862
0 0.788117 0.692888 0.029148 0.019397
0 0.745516 0.769397 0.020179 0.030172
0 0.187220 0.504310 0.002242 0.012931
