0 0.574029 0.03484 0.041262 0.028249
0 0.667476 0.133710 0.033981 0.022599
0 0.793689 0.129944 0.077670 0.030132
0 0.859223 0.176083 0.019417 0.013183
0 0.271845 0.188324 0.024272 0.00066
0 0.305825 0.224105 0.029126 0.018832
0 0.303398 0.269303 0.024272 0.018832
0 0.24005 0.168550 0.016990 0.013183
0 0.203883 0.709040 0.024272 0.013183
0 0.237864 0.621469 0.043689 0.033898
0 0.171117 0.577213 0.016990 0.016949
0 0.166262 0.622411 0.041262 0.024482
0 0.351942 0.529190 0.004854 0.007533
0 0.442961 0.545198 0.036408 0.028249
0 0.609223 0.551789 0.019417 0.018832
0 0.830097 0.662900 0.019417 0.033898
0 0.826456 0.724105 0.016990 0.039548
0 0.797330 0.776836 0.021845 0.020716
0 0.756068 0.761770 0.012136 0.020716
0 0.72805 0.800377 0.029126 0.00066
0 0.688107 0.573446 0.03053 0.009416
0 0.899272 0.367232 0.012136 0.011299
0 0.469660 0.219397 0.026699 0.009416
0 0.521845 0.188324 0.024272 0.00066
0 0.609223 0.218456 0.033981 0.030132
0 0.807039 0.193974 0.021845 0.018832
0 0.78053 0.284369 0.019417 0.030132
0 0.684466 0.880414 0.014563 0.005650
0 0.258495 0.822034 0.026699 0.020716
