0 0.541406 0.391236 0.098437 0.097027
0 0.703125 0.553991 0.050000 0.040689
0 0.735938 0.459311 0.046875 0.051643
0 0.289062 0.544601 0.028125 0.037559
0 0.239844 0.692488 0.023438 0.023474
0 0.146875 0.36002 0.021875 0.012520
0 0.329688 0.426448 0.034375 0.039124
0 0.650000 0.809077 0.028125 0.031299
0 0.717969 0.735524 0.039062 0.040689
0 0.462500 0.899061 0.078125 0.023474
0 0.295312 0.766041 0.021875 0.020344
0 0.234375 0.744914 0.003125 0.006260
0 0.262500 0.779343 0.018750 0.012520
0 0.316406 0.805947 0.032813 0.018779
0 0.36006 0.845070 0.032813 0.018779
0 0.272656 0.471831 0.023438 0.014085
