0 0.462891 0.345703 0.074219 0.074219
0 0.277344 0.701172 0.070312 0.066406
0 0.322266 0.763672 0.035156 0.019531
0 0.845703 0.662109 0.050781 0.042969
0 0.154297 0.601562 0.035156 0.023438
0 0.363281 0.904297 0.046875 0.042969
0 0.582031 0.894531 0.046875 0.031250
0 0.722656 0.832031 0.023438 0.015625
0 0.753906 0.703125 0.031250 0.023438
0 0.781250 0.667969 0.031250 0.015625
0 0.832031 0.607422 0.023438 0.019531
0 0.351562 0.625000 0.046875 0.023438
0 0.130859 0.724609 0.035156 0.042969
0 0.322266 0.830078 0.019531 0.019531
0 0.728516 0.554688 0.027344 0.023438
0 0.787109 0.732422 0.011719 0.019531
0 0.634766 0.576172 0.011719 0.019531
0 0.675781 0.628906 0.015625 0.007812
0 0.683594 0.833984 0.015625 0.027344
0 0.833984 0.732422 0.011719 0.019531
