0 0.460801 0.216307 0.019164 0.030997
0 0.553136 0.233827 0.00679 0.012129
0 0.594077 0.221024 0.013937 0.013477
0 0.466899 0.316712 0.024390 0.02063
0 0.614111 0.245957 0.001742 0.001348
0 0.783972 0.683288 0.010453 0.026954
0 0.613240 0.559299 0.003484 0.005391
0 0.496516 0.536388 0.031359 0.018868
0 0.432056 0.559973 0.027875 0.033693
0 0.209930 0.596361 0.022648 0.017520
0 0.176829 0.610512 0.001742 0.032345
0 0.135017 0.551887 0.008711 0.009434
0 0.228223 0.656334 0.013937 0.016173
0 0.211672 0.675876 0.019164 0.017520
0 0.298780 0.683962 0.022648 0.017520
0 0.256098 0.727089 0.020906 0.025606
0 0.337979 0.871294 0.031359 0.033693
0 0.379791 0.892857 0.013937 0.009434
0 0.284843 0.809299 0.012195 0.014825
0 0.189895 0.717655 0.003484 0.004043
0 0.209930 0.736523 0.00679 0.014825
0 0.243031 0.756739 0.008711 0.009434
0 0.170732 0.663747 0.017422 0.012129
0 0.454704 0.717655 0.017422 0.009434
0 0.506969 0.722372 0.013937 0.010782
0 0.550523 0.735175 0.013937 0.006739
0 0.733449 0.668464 0.003484 0.002695
0 0.7007 0.700135 0.019164 0.017520
