0 0.460289 0.607036 0.028881 0.022455
0 0.352888 0.665419 0.045126 0.022455
0 0.377256 0.722305 0.043321 0.037425
0 0.465704 0.836826 0.036101 0.032934
0 0.840253 0.777695 0.048736 0.031437
0 0.908845 0.655689 0.019856 0.077844
0 0.464801 0.187874 0.048736 0.028443
0 0.561372 0.237275 0.028881 0.025449
0 0.542419 0.097305 0.023466 0.020958
0 0.621841 0.161677 0.027076 0.032934
0 0.250903 0.681138 0.018051 0.026946
0 0.235560 0.771707 0.034296 0.016467
0 0.339350 0.537425 0.014440 0.011976
0 0.184116 0.401198 0.018051 0.011976
0 0.518051 0.916916 0.021661 0.007485
