0 0.659091 0.166667 0.037190 0.041096
0 0.680785 0.207763 0.014463 0.022831
0 0.433884 0.105023 0.016529 0.00221
0 0.340909 0.162861 0.037190 0.018265
0 0.385331 0.175038 0.026860 0.021309
0 0.849174 0.178082 0.020661 0.018265
0 0.784091 0.139269 0.026860 0.019787
0 0.638430 0.072298 0.012397 0.010654
0 0.350207 0.480213 0.035124 0.016743
0 0.238636 0.445967 0.022727 0.024353
0 0.177686 0.440639 0.020661 0.013699
0 0.138430 0.514460 0.020661 0.018265
0 0.258264 0.556317 0.045455 0.050228
0 0.00826 0.617960 0.041322 0.030441
0 0.184917 0.576865 0.018595 0.018265
0 0.252066 0.706240 0.070248 0.036530
0 0.383264 0.793760 0.068182 0.022831
0 0.680785 0.70002 0.043388 0.018265
0 0.744835 0.626332 0.072314 0.028919
0 0.755165 0.524353 0.022727 0.035008
0 0.824380 0.551750 0.016529 0.022831
0 0.392562 0.554033 0.033058 0.021309
0 0.752066 0.702435 0.008264 0.022831
