0 0.577712 0.141741 0.029101 0.023562
0 0.684524 0.195933 0.027778 0.012401
0 0.601852 0.214038 0.013889 0.013393
0 0.530093 0.250744 0.016534 0.016369
0 0.163029 0.541171 0.012566 0.003968
0 0.178902 0.562376 0.019180 0.009177
0 0.197421 0.602679 0.012566 0.009425
0 0.242890 0.652778 0.018188 0.010417
0 0.287037 0.619668 0.034392 0.020585
0 0.253142 0.573661 0.005622 0.002976
0 0.778274 0.60079 0.02206 0.00377
0 0.789187 0.671875 0.024802 0.019841
0 0.735450 0.638269 0.011243 0.008185
0 0.690807 0.600074 0.00212 0.008185
0 0.737434 0.600570 0.017857 0.019593
