0 0.238022 0.553981 0.009274 0.039136
0 0.316847 0.534413 0.003091 0.013495
0 0.304482 0.587045 0.009274 0.008097
0 0.180835 0.524966 0.00456 0.016194
0 0.189335 0.600540 0.023184 0.018893
0 0.085008 0.599865 0.018547 0.022942
0 0.149923 0.680162 0.00456 0.024291
0 0.238794 0.728070 0.026275 0.014845
0 0.351623 0.755735 0.013910 0.016194
0 0.590417 0.917679 0.012365 0.013495
0 0.699382 0.849528 0.00046 0.004049
0 0.881762 0.617409 0.038640 0.036437
0 0.927357 0.612011 0.009274 0.033738
0 0.916538 0.553306 0.012365 0.016194
0 0.972179 0.502024 0.000000 0.013495
0 0.764297 0.502024 0.013910 0.013495
0 0.901082 0.481781 0.009274 0.024291
