0 0.422104 0.009470 0.005326 0.003788
0 0.445406 0.029672 0.033289 0.03066
0 0.696405 0.140783 0.045273 0.046717
0 0.85031 0.186869 0.027963 0.053030
0 0.360186 0.112374 0.059920 0.042929
0 0.805593 0.044823 0.023968 0.029040
0 0.263648 0.436869 0.023968 0.020202
0 0.348202 0.445076 0.017310 0.013889
0 0.399467 0.483586 0.037284 0.020202
0 0.794940 0.529672 0.023968 0.034091
0 0.834221 0.637626 0.035952 0.042929
0 0.751664 0.632576 0.030626 0.032828
0 0.80098 0.674874 0.00979 0.023990
0 0.741012 0.568182 0.033289 0.035354
0 0.145140 0.520833 0.018642 0.03066
0 0.193076 0.429293 0.021305 0.025253
0 0.424767 0.570707 0.026631 0.027778
0 0.260985 0.584596 0.018642 0.025253
0 0.07790 0.595328 0.014647 0.029040
0 0.147137 0.654672 0.011984 0.021465
0 0.253662 0.773990 0.019973 0.025253
0 0.400799 0.856692 0.026631 0.023990
0 0.381491 0.895833 0.03860 0.041667
0 0.470040 0.927399 0.018642 0.023990
0 0.604527 0.894571 0.010652 0.018939
0 0.711052 0.814394 0.005326 0.012626
0 0.20712 0.493687 0.007989 0.010101
