0 0.566406 0.152344 0.046875 0.023438
0 0.242188 0.167969 0.023438 0.039062
0 0.271484 0.191406 0.027344 0.023438
0 0.302734 0.224609 0.027344 0.019531
0 0.298828 0.269531 0.019531 0.023438
0 0.660156 0.128906 0.031250 0.023438
0 0.826172 0.652344 0.027344 0.031250
0 0.841797 0.705078 0.011719 0.027344
0 0.816406 0.744141 0.015625 0.035156
0 0.201172 0.691406 0.019531 0.039062
0 0.175781 0.564453 0.023438 0.019531
0 0.220703 0.630859 0.035156 0.027344
0 0.601562 0.542969 0.031250 0.023438
0 0.750000 0.757812 0.023438 0.023438
0 0.783203 0.777344 0.011719 0.015625
0 0.607422 0.216797 0.035156 0.019531
