0 0.773504 0.521317 0.102564 0.080057
0 0.785969 0.411416 0.030627 0.027949
0 0.666311 0.211274 0.043447 0.028423
0 0.781339 0.226196 0.031339 0.029844
0 0.078348 0.198958 0.058405 0.035054
0 0.600783 0.635007 0.091880 0.040265
0 0.636396 0.734960 0.047721 0.044055
0 0.678063 0.780199 0.038462 0.021791
0 0.460114 0.517054 0.032764 0.014685
0 0.600071 0.508290 0.012108 0.009474
0 0.710114 0.60348 0.068376 0.023685
0 0.797721 0.690668 0.054131 0.042634
0 0.874288 0.492421 0.027778 0.027001
0 0.883903 0.577925 0.019943 0.016106
0 0.600071 0.547845 0.030627 0.016580
0 0.506410 0.600426 0.038462 0.018475
0 0.479345 0.798674 0.052707 0.036002
0 0.597222 0.820464 0.027778 0.0009
0 0.778134 0.313595 0.030627 0.023685
0 0.710826 0.282804 0.066952 0.044529
0 0.335114 0.148034 0.030627 0.017527
0 0.379274 0.178351 0.032051 0.016580
0 0.059117 0.562293 0.051282 0.022738
0 0.298077 0.403363 0.051994 0.027949
0 0.424145 0.46106 0.060541 0.029844
