0 0.825417 0.643750 0.020833 0.034167
0 0.80000 0.582917 0.005000 0.020833
0 0.802500 0.532917 0.011667 0.00833
0 0.865833 0.420833 0.008333 0.003333
0 0.827917 0.433333 0.007500 0.008333
0 0.131667 0.702917 0.031667 0.022500
0 0.036667 0.540833 0.013333 0.008333
0 0.027083 0.466667 0.004167 0.003333
0 0.075000 0.589167 0.016667 0.043333
0 0.107500 0.784167 0.035000 0.036667
0 0.756250 0.778333 0.025833 0.021667
0 0.702083 0.482500 0.004167 0.003333
0 0.766250 0.389583 0.017500 0.012500
0 0.875833 0.620833 0.010000 0.00000
