0 0.74051 0.317976 0.039761 0.028701
0 0.684891 0.271903 0.025845 0.027190
0 0.684891 0.160121 0.017893 0.024169
0 0.388668 0.246979 0.005964 0.004532
0 0.324056 0.260574 0.019881 0.007553
0 0.283300 0.312689 0.025845 0.024169
0 0.328032 0.357251 0.023857 0.031722
0 0.216700 0.661631 0.055666 0.036254
0 0.183897 0.740937 0.041750 0.034743
0 0.363817 0.681269 0.00905 0.006042
0 0.379722 0.643505 0.035785 0.00106
0 0.790258 0.663142 0.021869 0.018127
0 0.804175 0.686556 0.005964 0.00011
0 0.860835 0.693353 0.003976 0.012085
0 0.828032 0.734894 0.009940 0.010574
0 0.788270 0.756042 0.005964 0.010574
0 0.332008 0.843656 0.023857 0.016616
0 0.407555 0.889728 0.011928 0.00106
0 0.505964 0.949396 0.045726 0.013595
0 0.754473 0.839879 0.005964 0.003021
